0 4 1
0 5 1
1 4 1
1 5 1
10 4 1
10 5 1
10 6 1
11 7 1
12 8 1
13 8 1
11 3 1
12 2 1
13 2 1
14 5 1
15 3 1
15 7 1
16 4 1
16 5 1
16 6 1
17 5 1
20 2 1
20 3 1
20 4 1
21 2 1
21 3 1
21 4 1
22 1 1
22 5 1
24 0 1
24 1 1
24 5 1
24 6 1
34 2 1
34 3 1
35 2 1
35 3 1
40 4 1
40 5 1
31 34 1
31 35 1
10 34 2
10 35 2
10 36 2
11 37 2
12 38 2
13 38 2
11 33 2
12 32 2
13 32 2
14 35 2
15 33 2
15 37 2
16 34 2
16 35 2
16 36 2
17 35 2
20 32 2
20 33 2
20 34 2
21 32 2
21 33 2
21 34 2
22 31 2
22 35 2
24 30 2
24 31 2
24 35 2
24 36 2
34 32 2
34 33 2
35 32 2
35 33 2
50 50 3
50 51 3
51 50 3
51 51 3
50 52 3